(kicad_pcb (version 20171130) (host pcbnew "(5.0.2)-1")

  (general
    (thickness 1.6)
    (drawings 5)
    (tracks 0)
    (zones 0)
    (modules 76)
    (nets 170)
  )

  (page A4)
  (layers
    (0 F.Cu signal)
    (31 B.Cu signal)
    (32 B.Adhes user)
    (33 F.Adhes user)
    (34 B.Paste user)
    (35 F.Paste user)
    (36 B.SilkS user)
    (37 F.SilkS user)
    (38 B.Mask user)
    (39 F.Mask user)
    (40 Dwgs.User user)
    (41 Cmts.User user)
    (42 Eco1.User user)
    (43 Eco2.User user)
    (44 Edge.Cuts user)
    (45 Margin user)
    (46 B.CrtYd user)
    (47 F.CrtYd user)
    (48 B.Fab user)
    (49 F.Fab user)
  )

  (setup
    (last_trace_width 0.25)
    (trace_clearance 0.2032)
    (zone_clearance 0.508)
    (zone_45_only no)
    (trace_min 0.1524)
    (segment_width 0.2)
    (edge_width 0.15)
    (via_size 0.8)
    (via_drill 0.4)
    (via_min_size 0.6858)
    (via_min_drill 0.3302)
    (uvia_size 0.3)
    (uvia_drill 0.1)
    (uvias_allowed no)
    (uvia_min_size 0.2)
    (uvia_min_drill 0.1)
    (pcb_text_width 0.3)
    (pcb_text_size 1.5 1.5)
    (mod_edge_width 0.15)
    (mod_text_size 1 1)
    (mod_text_width 0.15)
    (pad_size 1.524 1.524)
    (pad_drill 0.762)
    (pad_to_mask_clearance 0.051)
    (solder_mask_min_width 0.25)
    (aux_axis_origin 0 0)
    (visible_elements 7FFFFFFF)
    (pcbplotparams
      (layerselection 0x010fc_ffffffff)
      (usegerberextensions false)
      (usegerberattributes false)
      (usegerberadvancedattributes false)
      (creategerberjobfile false)
      (excludeedgelayer true)
      (linewidth 0.100000)
      (plotframeref false)
      (viasonmask false)
      (mode 1)
      (useauxorigin false)
      (hpglpennumber 1)
      (hpglpenspeed 20)
      (hpglpendiameter 15.000000)
      (psnegative false)
      (psa4output false)
      (plotreference true)
      (plotvalue true)
      (plotinvisibletext false)
      (padsonsilk false)
      (subtractmaskfromsilk false)
      (outputformat 1)
      (mirror false)
      (drillshape 1)
      (scaleselection 1)
      (outputdirectory ""))
  )

  (net 0 "")
  (net 1 "Net-(C1-Pad1)")
  (net 2 GND)
  (net 3 "Net-(C2-Pad2)")
  (net 4 +15V)
  (net 5 -8V)
  (net 6 "Net-(C6-Pad1)")
  (net 7 "Net-(C7-Pad1)")
  (net 8 "Net-(C8-Pad2)")
  (net 9 "Net-(C9-Pad2)")
  (net 10 "Net-(C10-Pad1)")
  (net 11 "Net-(C11-Pad2)")
  (net 12 +5V)
  (net 13 +3V3)
  (net 14 "Net-(C14-Pad2)")
  (net 15 "Net-(C26-Pad2)")
  (net 16 "Net-(C27-Pad1)")
  (net 17 "Net-(C28-Pad1)")
  (net 18 "Net-(C29-Pad1)")
  (net 19 "Net-(C30-Pad1)")
  (net 20 "Net-(C32-Pad2)")
  (net 21 "Net-(C32-Pad1)")
  (net 22 "Net-(C33-Pad1)")
  (net 23 /TIM2_CH1)
  (net 24 "Net-(C35-Pad1)")
  (net 25 "Net-(C38-Pad1)")
  (net 26 "Net-(C38-Pad2)")
  (net 27 "Net-(CP5-Pad2)")
  (net 28 "Net-(D2-Pad1)")
  (net 29 "Net-(D3-Pad2)")
  (net 30 /SWDIO)
  (net 31 /SWCLK)
  (net 32 /RST)
  (net 33 /SPI1_SCK)
  (net 34 /SPI1_MISO)
  (net 35 /SPI1_MOSI)
  (net 36 /SPI2_SCK)
  (net 37 /SPI2_MISO)
  (net 38 /SPI2_MOSI)
  (net 39 "Net-(Q1-Pad1)")
  (net 40 "Net-(Q1-Pad3)")
  (net 41 "Net-(Q2-Pad1)")
  (net 42 "Net-(R5-Pad1)")
  (net 43 "Net-(U1-Pad2)")
  (net 44 /DCMI_D4)
  (net 45 /DCMI_D6)
  (net 46 /DCMI_D7)
  (net 47 "Net-(U1-Pad7)")
  (net 48 "Net-(U1-Pad8)")
  (net 49 "Net-(U1-Pad9)")
  (net 50 "Net-(U1-Pad10)")
  (net 51 "Net-(U1-Pad11)")
  (net 52 "Net-(U1-Pad12)")
  (net 53 "Net-(U1-Pad15)")
  (net 54 /TIM10_CH1)
  (net 55 /TIM11_CH1)
  (net 56 /TIM13_CH1)
  (net 57 /TIM14_CH1)
  (net 58 /DCMI_D11)
  (net 59 "Net-(U1-Pad26)")
  (net 60 "Net-(U1-Pad29)")
  (net 61 /DCMI_PIXCLK)
  (net 62 /TIM9_CH1)
  (net 63 /TIM9_CH2)
  (net 64 /DCMI_HSYNC)
  (net 65 "Net-(U1-Pad43)")
  (net 66 "Net-(U1-Pad45)")
  (net 67 /TIM1_CH2N)
  (net 68 "Net-(U1-Pad47)")
  (net 69 "Net-(U1-Pad49)")
  (net 70 "Net-(U1-Pad50)")
  (net 71 "Net-(U1-Pad53)")
  (net 72 "Net-(U1-Pad54)")
  (net 73 "Net-(U1-Pad55)")
  (net 74 "Net-(U1-Pad56)")
  (net 75 "Net-(U1-Pad57)")
  (net 76 "Net-(U1-Pad58)")
  (net 77 "Net-(U1-Pad59)")
  (net 78 /TIM1_CH1)
  (net 79 "Net-(U1-Pad63)")
  (net 80 "Net-(U1-Pad64)")
  (net 81 "Net-(U1-Pad65)")
  (net 82 "Net-(U1-Pad66)")
  (net 83 "Net-(U1-Pad67)")
  (net 84 "Net-(U1-Pad68)")
  (net 85 "Net-(U1-Pad70)")
  (net 86 "Net-(U1-Pad73)")
  (net 87 "Net-(U1-Pad74)")
  (net 88 /DCMI_VSYNC)
  (net 89 "Net-(U1-Pad77)")
  (net 90 "Net-(U1-Pad78)")
  (net 91 "Net-(U1-Pad79)")
  (net 92 "Net-(U1-Pad80)")
  (net 93 /TIM4_CH1)
  (net 94 /TIM4_CH2)
  (net 95 /TIM4_CH3)
  (net 96 /TIM4_CH4)
  (net 97 "Net-(U1-Pad87)")
  (net 98 "Net-(U1-Pad88)")
  (net 99 "Net-(U1-Pad89)")
  (net 100 "Net-(U1-Pad90)")
  (net 101 "Net-(U1-Pad91)")
  (net 102 "Net-(U1-Pad92)")
  (net 103 "Net-(U1-Pad93)")
  (net 104 /DCMI_D0)
  (net 105 /DCMI_D1)
  (net 106 /DCMI_D2)
  (net 107 /DCMI_D3)
  (net 108 "Net-(U1-Pad100)")
  (net 109 "Net-(U1-Pad101)")
  (net 110 "Net-(U1-Pad102)")
  (net 111 "Net-(U1-Pad103)")
  (net 112 "Net-(U1-Pad104)")
  (net 113 "Net-(U1-Pad105)")
  (net 114 "Net-(U1-Pad109)")
  (net 115 "Net-(U1-Pad110)")
  (net 116 /DCMI_D8)
  (net 117 "Net-(U1-Pad112)")
  (net 118 /DCMI_D9)
  (net 119 "Net-(U1-Pad114)")
  (net 120 "Net-(U1-Pad115)")
  (net 121 "Net-(U1-Pad116)")
  (net 122 /DCMI_D5)
  (net 123 "Net-(U1-Pad118)")
  (net 124 "Net-(U1-Pad119)")
  (net 125 /DCMI_D10)
  (net 126 "Net-(U1-Pad123)")
  (net 127 "Net-(U1-Pad125)")
  (net 128 "Net-(U1-Pad126)")
  (net 129 "Net-(U1-Pad127)")
  (net 130 "Net-(U1-Pad128)")
  (net 131 "Net-(U1-Pad129)")
  (net 132 "Net-(U1-Pad132)")
  (net 133 /TIM3_CH2)
  (net 134 "Net-(U1-Pad136)")
  (net 135 /I2C1_SDA)
  (net 136 /I2C1_SCL)
  (net 137 "Net-(U1-Pad140)")
  (net 138 "Net-(U1-Pad141)")
  (net 139 "Net-(U1-Pad142)")
  (net 140 "Net-(U3-Pad12)")
  (net 141 "Net-(U3-Pad13)")
  (net 142 "Net-(U3-Pad20)")
  (net 143 "Net-(U4-Pad11)")
  (net 144 "Net-(U4-Pad12)")
  (net 145 "Net-(U4-Pad14)")
  (net 146 "Net-(U4-Pad15)")
  (net 147 "Net-(U4-Pad18)")
  (net 148 "Net-(U4-Pad19)")
  (net 149 "Net-(U4-Pad20)")
  (net 150 "Net-(U6-Pad4)")
  (net 151 "Net-(U6-Pad5)")
  (net 152 "Net-(U6-Pad6)")
  (net 153 "Net-(U6-Pad7)")
  (net 154 "Net-(U6-Pad8)")
  (net 155 "Net-(U6-Pad9)")
  (net 156 GNDA)
  (net 157 "Net-(C41-Pad1)")
  (net 158 "Net-(C42-Pad1)")
  (net 159 "Net-(R12-Pad1)")
  (net 160 /POWER)
  (net 161 /GPIO1)
  (net 162 /SPI3_MOSI)
  (net 163 /SPI3_SCK)
  (net 164 "Net-(U6-Pad1)")
  (net 165 "Net-(U6-Pad2)")
  (net 166 "Net-(U6-Pad3)")
  (net 167 "Net-(U6-Pad10)")
  (net 168 "Net-(U6-Pad35)")
  (net 169 "Net-(U6-Pad36)")

  (net_class Default "This is the default net class."
    (clearance 0.2032)
    (trace_width 0.25)
    (via_dia 0.8)
    (via_drill 0.4)
    (uvia_dia 0.3)
    (uvia_drill 0.1)
    (add_net +15V)
    (add_net +3V3)
    (add_net +5V)
    (add_net -8V)
    (add_net /DCMI_D0)
    (add_net /DCMI_D1)
    (add_net /DCMI_D10)
    (add_net /DCMI_D11)
    (add_net /DCMI_D2)
    (add_net /DCMI_D3)
    (add_net /DCMI_D4)
    (add_net /DCMI_D5)
    (add_net /DCMI_D6)
    (add_net /DCMI_D7)
    (add_net /DCMI_D8)
    (add_net /DCMI_D9)
    (add_net /DCMI_HSYNC)
    (add_net /DCMI_PIXCLK)
    (add_net /DCMI_VSYNC)
    (add_net /GPIO1)
    (add_net /I2C1_SCL)
    (add_net /I2C1_SDA)
    (add_net /POWER)
    (add_net /RST)
    (add_net /SPI1_MISO)
    (add_net /SPI1_MOSI)
    (add_net /SPI1_SCK)
    (add_net /SPI2_MISO)
    (add_net /SPI2_MOSI)
    (add_net /SPI2_SCK)
    (add_net /SPI3_MOSI)
    (add_net /SPI3_SCK)
    (add_net /SWCLK)
    (add_net /SWDIO)
    (add_net /TIM10_CH1)
    (add_net /TIM11_CH1)
    (add_net /TIM13_CH1)
    (add_net /TIM14_CH1)
    (add_net /TIM1_CH1)
    (add_net /TIM1_CH2N)
    (add_net /TIM2_CH1)
    (add_net /TIM3_CH2)
    (add_net /TIM4_CH1)
    (add_net /TIM4_CH2)
    (add_net /TIM4_CH3)
    (add_net /TIM4_CH4)
    (add_net /TIM9_CH1)
    (add_net /TIM9_CH2)
    (add_net GND)
    (add_net GNDA)
    (add_net "Net-(C1-Pad1)")
    (add_net "Net-(C10-Pad1)")
    (add_net "Net-(C11-Pad2)")
    (add_net "Net-(C14-Pad2)")
    (add_net "Net-(C2-Pad2)")
    (add_net "Net-(C26-Pad2)")
    (add_net "Net-(C27-Pad1)")
    (add_net "Net-(C28-Pad1)")
    (add_net "Net-(C29-Pad1)")
    (add_net "Net-(C30-Pad1)")
    (add_net "Net-(C32-Pad1)")
    (add_net "Net-(C32-Pad2)")
    (add_net "Net-(C33-Pad1)")
    (add_net "Net-(C35-Pad1)")
    (add_net "Net-(C38-Pad1)")
    (add_net "Net-(C38-Pad2)")
    (add_net "Net-(C41-Pad1)")
    (add_net "Net-(C42-Pad1)")
    (add_net "Net-(C6-Pad1)")
    (add_net "Net-(C7-Pad1)")
    (add_net "Net-(C8-Pad2)")
    (add_net "Net-(C9-Pad2)")
    (add_net "Net-(CP5-Pad2)")
    (add_net "Net-(D2-Pad1)")
    (add_net "Net-(D3-Pad2)")
    (add_net "Net-(Q1-Pad1)")
    (add_net "Net-(Q1-Pad3)")
    (add_net "Net-(Q2-Pad1)")
    (add_net "Net-(R12-Pad1)")
    (add_net "Net-(R5-Pad1)")
    (add_net "Net-(U1-Pad10)")
    (add_net "Net-(U1-Pad100)")
    (add_net "Net-(U1-Pad101)")
    (add_net "Net-(U1-Pad102)")
    (add_net "Net-(U1-Pad103)")
    (add_net "Net-(U1-Pad104)")
    (add_net "Net-(U1-Pad105)")
    (add_net "Net-(U1-Pad109)")
    (add_net "Net-(U1-Pad11)")
    (add_net "Net-(U1-Pad110)")
    (add_net "Net-(U1-Pad112)")
    (add_net "Net-(U1-Pad114)")
    (add_net "Net-(U1-Pad115)")
    (add_net "Net-(U1-Pad116)")
    (add_net "Net-(U1-Pad118)")
    (add_net "Net-(U1-Pad119)")
    (add_net "Net-(U1-Pad12)")
    (add_net "Net-(U1-Pad123)")
    (add_net "Net-(U1-Pad125)")
    (add_net "Net-(U1-Pad126)")
    (add_net "Net-(U1-Pad127)")
    (add_net "Net-(U1-Pad128)")
    (add_net "Net-(U1-Pad129)")
    (add_net "Net-(U1-Pad132)")
    (add_net "Net-(U1-Pad136)")
    (add_net "Net-(U1-Pad140)")
    (add_net "Net-(U1-Pad141)")
    (add_net "Net-(U1-Pad142)")
    (add_net "Net-(U1-Pad15)")
    (add_net "Net-(U1-Pad2)")
    (add_net "Net-(U1-Pad26)")
    (add_net "Net-(U1-Pad29)")
    (add_net "Net-(U1-Pad43)")
    (add_net "Net-(U1-Pad45)")
    (add_net "Net-(U1-Pad47)")
    (add_net "Net-(U1-Pad49)")
    (add_net "Net-(U1-Pad50)")
    (add_net "Net-(U1-Pad53)")
    (add_net "Net-(U1-Pad54)")
    (add_net "Net-(U1-Pad55)")
    (add_net "Net-(U1-Pad56)")
    (add_net "Net-(U1-Pad57)")
    (add_net "Net-(U1-Pad58)")
    (add_net "Net-(U1-Pad59)")
    (add_net "Net-(U1-Pad63)")
    (add_net "Net-(U1-Pad64)")
    (add_net "Net-(U1-Pad65)")
    (add_net "Net-(U1-Pad66)")
    (add_net "Net-(U1-Pad67)")
    (add_net "Net-(U1-Pad68)")
    (add_net "Net-(U1-Pad7)")
    (add_net "Net-(U1-Pad70)")
    (add_net "Net-(U1-Pad73)")
    (add_net "Net-(U1-Pad74)")
    (add_net "Net-(U1-Pad77)")
    (add_net "Net-(U1-Pad78)")
    (add_net "Net-(U1-Pad79)")
    (add_net "Net-(U1-Pad8)")
    (add_net "Net-(U1-Pad80)")
    (add_net "Net-(U1-Pad87)")
    (add_net "Net-(U1-Pad88)")
    (add_net "Net-(U1-Pad89)")
    (add_net "Net-(U1-Pad9)")
    (add_net "Net-(U1-Pad90)")
    (add_net "Net-(U1-Pad91)")
    (add_net "Net-(U1-Pad92)")
    (add_net "Net-(U1-Pad93)")
    (add_net "Net-(U3-Pad12)")
    (add_net "Net-(U3-Pad13)")
    (add_net "Net-(U3-Pad20)")
    (add_net "Net-(U4-Pad11)")
    (add_net "Net-(U4-Pad12)")
    (add_net "Net-(U4-Pad14)")
    (add_net "Net-(U4-Pad15)")
    (add_net "Net-(U4-Pad18)")
    (add_net "Net-(U4-Pad19)")
    (add_net "Net-(U4-Pad20)")
    (add_net "Net-(U6-Pad1)")
    (add_net "Net-(U6-Pad10)")
    (add_net "Net-(U6-Pad2)")
    (add_net "Net-(U6-Pad3)")
    (add_net "Net-(U6-Pad35)")
    (add_net "Net-(U6-Pad36)")
    (add_net "Net-(U6-Pad4)")
    (add_net "Net-(U6-Pad5)")
    (add_net "Net-(U6-Pad6)")
    (add_net "Net-(U6-Pad7)")
    (add_net "Net-(U6-Pad8)")
    (add_net "Net-(U6-Pad9)")
  )

  (module Capacitor_SMD:C_1206_3216Metric (layer F.Cu) (tedit 5B301BBE) (tstamp 5CBA7CA6)
    (at 116.586 56.134 90)
    (descr "Capacitor SMD 1206 (3216 Metric), square (rectangular) end terminal, IPC_7351 nominal, (Body size source: http://www.tortai-tech.com/upload/download/2011102023233369053.pdf), generated with kicad-footprint-generator")
    (tags capacitor)
    (path /5C7CB2C0/5C7EB044)
    (attr smd)
    (fp_text reference C1 (at 0 -1.82 90) (layer F.SilkS)
      (effects (font (size 1 1) (thickness 0.15)))
    )
    (fp_text value 4.7μF (at 0 1.82 90) (layer F.Fab)
      (effects (font (size 1 1) (thickness 0.15)))
    )
    (fp_line (start -1.6 0.8) (end -1.6 -0.8) (layer F.Fab) (width 0.1))
    (fp_line (start -1.6 -0.8) (end 1.6 -0.8) (layer F.Fab) (width 0.1))
    (fp_line (start 1.6 -0.8) (end 1.6 0.8) (layer F.Fab) (width 0.1))
    (fp_line (start 1.6 0.8) (end -1.6 0.8) (layer F.Fab) (width 0.1))
    (fp_line (start -0.602064 -0.91) (end 0.602064 -0.91) (layer F.SilkS) (width 0.12))
    (fp_line (start -0.602064 0.91) (end 0.602064 0.91) (layer F.SilkS) (width 0.12))
    (fp_line (start -2.28 1.12) (end -2.28 -1.12) (layer F.CrtYd) (width 0.05))
    (fp_line (start -2.28 -1.12) (end 2.28 -1.12) (layer F.CrtYd) (width 0.05))
    (fp_line (start 2.28 -1.12) (end 2.28 1.12) (layer F.CrtYd) (width 0.05))
    (fp_line (start 2.28 1.12) (end -2.28 1.12) (layer F.CrtYd) (width 0.05))
    (fp_text user %R (at 0 0 90) (layer F.Fab)
      (effects (font (size 0.8 0.8) (thickness 0.12)))
    )
    (pad 1 smd roundrect (at -1.4 0 90) (size 1.25 1.75) (layers F.Cu F.Paste F.Mask) (roundrect_rratio 0.2)
      (net 1 "Net-(C1-Pad1)"))
    (pad 2 smd roundrect (at 1.4 0 90) (size 1.25 1.75) (layers F.Cu F.Paste F.Mask) (roundrect_rratio 0.2)
      (net 2 GND))
    (model ${KISYS3DMOD}/Capacitor_SMD.3dshapes/C_1206_3216Metric.wrl
      (at (xyz 0 0 0))
      (scale (xyz 1 1 1))
      (rotate (xyz 0 0 0))
    )
  )

  (module Capacitor_SMD:C_1206_3216Metric (layer F.Cu) (tedit 5B301BBE) (tstamp 5CBA7CB7)
    (at 107.416001 92.697001)
    (descr "Capacitor SMD 1206 (3216 Metric), square (rectangular) end terminal, IPC_7351 nominal, (Body size source: http://www.tortai-tech.com/upload/download/2011102023233369053.pdf), generated with kicad-footprint-generator")
    (tags capacitor)
    (path /5C7E7D76/5C858323)
    (attr smd)
    (fp_text reference C2 (at 0 -1.82) (layer F.SilkS)
      (effects (font (size 1 1) (thickness 0.15)))
    )
    (fp_text value 100nF (at 0 1.82) (layer F.Fab)
      (effects (font (size 1 1) (thickness 0.15)))
    )
    (fp_text user %R (at 0 0) (layer F.Fab)
      (effects (font (size 0.8 0.8) (thickness 0.12)))
    )
    (fp_line (start 2.28 1.12) (end -2.28 1.12) (layer F.CrtYd) (width 0.05))
    (fp_line (start 2.28 -1.12) (end 2.28 1.12) (layer F.CrtYd) (width 0.05))
    (fp_line (start -2.28 -1.12) (end 2.28 -1.12) (layer F.CrtYd) (width 0.05))
    (fp_line (start -2.28 1.12) (end -2.28 -1.12) (layer F.CrtYd) (width 0.05))
    (fp_line (start -0.602064 0.91) (end 0.602064 0.91) (layer F.SilkS) (width 0.12))
    (fp_line (start -0.602064 -0.91) (end 0.602064 -0.91) (layer F.SilkS) (width 0.12))
    (fp_line (start 1.6 0.8) (end -1.6 0.8) (layer F.Fab) (width 0.1))
    (fp_line (start 1.6 -0.8) (end 1.6 0.8) (layer F.Fab) (width 0.1))
    (fp_line (start -1.6 -0.8) (end 1.6 -0.8) (layer F.Fab) (width 0.1))
    (fp_line (start -1.6 0.8) (end -1.6 -0.8) (layer F.Fab) (width 0.1))
    (pad 2 smd roundrect (at 1.4 0) (size 1.25 1.75) (layers F.Cu F.Paste F.Mask) (roundrect_rratio 0.2)
      (net 3 "Net-(C2-Pad2)"))
    (pad 1 smd roundrect (at -1.4 0) (size 1.25 1.75) (layers F.Cu F.Paste F.Mask) (roundrect_rratio 0.2)
      (net 2 GND))
    (model ${KISYS3DMOD}/Capacitor_SMD.3dshapes/C_1206_3216Metric.wrl
      (at (xyz 0 0 0))
      (scale (xyz 1 1 1))
      (rotate (xyz 0 0 0))
    )
  )

  (module Capacitor_SMD:C_0805_2012Metric (layer F.Cu) (tedit 5B36C52B) (tstamp 5CBA7CC8)
    (at 118.618 76.708)
    (descr "Capacitor SMD 0805 (2012 Metric), square (rectangular) end terminal, IPC_7351 nominal, (Body size source: https://docs.google.com/spreadsheets/d/1BsfQQcO9C6DZCsRaXUlFlo91Tg2WpOkGARC1WS5S8t0/edit?usp=sharing), generated with kicad-footprint-generator")
    (tags capacitor)
    (path /5CB8927D)
    (attr smd)
    (fp_text reference C3 (at 0 -1.65) (layer F.SilkS)
      (effects (font (size 1 1) (thickness 0.15)))
    )
    (fp_text value "0.1 uF" (at 0 1.65) (layer F.Fab)
      (effects (font (size 1 1) (thickness 0.15)))
    )
    (fp_text user %R (at 0 0) (layer F.Fab)
      (effects (font (size 0.5 0.5) (thickness 0.08)))
    )
    (fp_line (start 1.68 0.95) (end -1.68 0.95) (layer F.CrtYd) (width 0.05))
    (fp_line (start 1.68 -0.95) (end 1.68 0.95) (layer F.CrtYd) (width 0.05))
    (fp_line (start -1.68 -0.95) (end 1.68 -0.95) (layer F.CrtYd) (width 0.05))
    (fp_line (start -1.68 0.95) (end -1.68 -0.95) (layer F.CrtYd) (width 0.05))
    (fp_line (start -0.258578 0.71) (end 0.258578 0.71) (layer F.SilkS) (width 0.12))
    (fp_line (start -0.258578 -0.71) (end 0.258578 -0.71) (layer F.SilkS) (width 0.12))
    (fp_line (start 1 0.6) (end -1 0.6) (layer F.Fab) (width 0.1))
    (fp_line (start 1 -0.6) (end 1 0.6) (layer F.Fab) (width 0.1))
    (fp_line (start -1 -0.6) (end 1 -0.6) (layer F.Fab) (width 0.1))
    (fp_line (start -1 0.6) (end -1 -0.6) (layer F.Fab) (width 0.1))
    (pad 2 smd roundrect (at 0.9375 0) (size 0.975 1.4) (layers F.Cu F.Paste F.Mask) (roundrect_rratio 0.25)
      (net 13 +3V3))
    (pad 1 smd roundrect (at -0.9375 0) (size 0.975 1.4) (layers F.Cu F.Paste F.Mask) (roundrect_rratio 0.25)
      (net 2 GND))
    (model ${KISYS3DMOD}/Capacitor_SMD.3dshapes/C_0805_2012Metric.wrl
      (at (xyz 0 0 0))
      (scale (xyz 1 1 1))
      (rotate (xyz 0 0 0))
    )
  )

  (module Capacitor_SMD:C_0805_2012Metric (layer F.Cu) (tedit 5B36C52B) (tstamp 5CBA7CD9)
    (at 165.481 53.594 270)
    (descr "Capacitor SMD 0805 (2012 Metric), square (rectangular) end terminal, IPC_7351 nominal, (Body size source: https://docs.google.com/spreadsheets/d/1BsfQQcO9C6DZCsRaXUlFlo91Tg2WpOkGARC1WS5S8t0/edit?usp=sharing), generated with kicad-footprint-generator")
    (tags capacitor)
    (path /5C7CB2C0/5C7FDA1A)
    (attr smd)
    (fp_text reference C4 (at 0 -1.65 270) (layer F.SilkS)
      (effects (font (size 1 1) (thickness 0.15)))
    )
    (fp_text value 22μF (at 0 1.65 270) (layer F.Fab)
      (effects (font (size 1 1) (thickness 0.15)))
    )
    (fp_text user %R (at 0 0 270) (layer F.Fab)
      (effects (font (size 0.5 0.5) (thickness 0.08)))
    )
    (fp_line (start 1.68 0.95) (end -1.68 0.95) (layer F.CrtYd) (width 0.05))
    (fp_line (start 1.68 -0.95) (end 1.68 0.95) (layer F.CrtYd) (width 0.05))
    (fp_line (start -1.68 -0.95) (end 1.68 -0.95) (layer F.CrtYd) (width 0.05))
    (fp_line (start -1.68 0.95) (end -1.68 -0.95) (layer F.CrtYd) (width 0.05))
    (fp_line (start -0.258578 0.71) (end 0.258578 0.71) (layer F.SilkS) (width 0.12))
    (fp_line (start -0.258578 -0.71) (end 0.258578 -0.71) (layer F.SilkS) (width 0.12))
    (fp_line (start 1 0.6) (end -1 0.6) (layer F.Fab) (width 0.1))
    (fp_line (start 1 -0.6) (end 1 0.6) (layer F.Fab) (width 0.1))
    (fp_line (start -1 -0.6) (end 1 -0.6) (layer F.Fab) (width 0.1))
    (fp_line (start -1 0.6) (end -1 -0.6) (layer F.Fab) (width 0.1))
    (pad 2 smd roundrect (at 0.9375 0 270) (size 0.975 1.4) (layers F.Cu F.Paste F.Mask) (roundrect_rratio 0.25)
      (net 2 GND))
    (pad 1 smd roundrect (at -0.9375 0 270) (size 0.975 1.4) (layers F.Cu F.Paste F.Mask) (roundrect_rratio 0.25)
      (net 4 +15V))
    (model ${KISYS3DMOD}/Capacitor_SMD.3dshapes/C_0805_2012Metric.wrl
      (at (xyz 0 0 0))
      (scale (xyz 1 1 1))
      (rotate (xyz 0 0 0))
    )
  )

  (module Capacitor_SMD:C_0805_2012Metric (layer F.Cu) (tedit 5B36C52B) (tstamp 5CBA7CEA)
    (at 141.732 68.58 180)
    (descr "Capacitor SMD 0805 (2012 Metric), square (rectangular) end terminal, IPC_7351 nominal, (Body size source: https://docs.google.com/spreadsheets/d/1BsfQQcO9C6DZCsRaXUlFlo91Tg2WpOkGARC1WS5S8t0/edit?usp=sharing), generated with kicad-footprint-generator")
    (tags capacitor)
    (path /5C7CB2C0/5C7E8E1D)
    (attr smd)
    (fp_text reference C5 (at 0 -1.65 180) (layer F.SilkS)
      (effects (font (size 1 1) (thickness 0.15)))
    )
    (fp_text value 22μF (at 0 1.65 180) (layer F.Fab)
      (effects (font (size 1 1) (thickness 0.15)))
    )
    (fp_line (start -1 0.6) (end -1 -0.6) (layer F.Fab) (width 0.1))
    (fp_line (start -1 -0.6) (end 1 -0.6) (layer F.Fab) (width 0.1))
    (fp_line (start 1 -0.6) (end 1 0.6) (layer F.Fab) (width 0.1))
    (fp_line (start 1 0.6) (end -1 0.6) (layer F.Fab) (width 0.1))
    (fp_line (start -0.258578 -0.71) (end 0.258578 -0.71) (layer F.SilkS) (width 0.12))
    (fp_line (start -0.258578 0.71) (end 0.258578 0.71) (layer F.SilkS) (width 0.12))
    (fp_line (start -1.68 0.95) (end -1.68 -0.95) (layer F.CrtYd) (width 0.05))
    (fp_line (start -1.68 -0.95) (end 1.68 -0.95) (layer F.CrtYd) (width 0.05))
    (fp_line (start 1.68 -0.95) (end 1.68 0.95) (layer F.CrtYd) (width 0.05))
    (fp_line (start 1.68 0.95) (end -1.68 0.95) (layer F.CrtYd) (width 0.05))
    (fp_text user %R (at 0 0 180) (layer F.Fab)
      (effects (font (size 0.5 0.5) (thickness 0.08)))
    )
    (pad 1 smd roundrect (at -0.9375 0 180) (size 0.975 1.4) (layers F.Cu F.Paste F.Mask) (roundrect_rratio 0.25)
      (net 5 -8V))
    (pad 2 smd roundrect (at 0.9375 0 180) (size 0.975 1.4) (layers F.Cu F.Paste F.Mask) (roundrect_rratio 0.25)
      (net 2 GND))
    (model ${KISYS3DMOD}/Capacitor_SMD.3dshapes/C_0805_2012Metric.wrl
      (at (xyz 0 0 0))
      (scale (xyz 1 1 1))
      (rotate (xyz 0 0 0))
    )
  )

  (module Capacitor_SMD:C_0805_2012Metric (layer F.Cu) (tedit 5B36C52B) (tstamp 5CBA7CFB)
    (at 141.478 57.404)
    (descr "Capacitor SMD 0805 (2012 Metric), square (rectangular) end terminal, IPC_7351 nominal, (Body size source: https://docs.google.com/spreadsheets/d/1BsfQQcO9C6DZCsRaXUlFlo91Tg2WpOkGARC1WS5S8t0/edit?usp=sharing), generated with kicad-footprint-generator")
    (tags capacitor)
    (path /5C7CB2C0/5C7E868E)
    (attr smd)
    (fp_text reference C6 (at 0 -1.65) (layer F.SilkS)
      (effects (font (size 1 1) (thickness 0.15)))
    )
    (fp_text value 10nF (at 0 1.65) (layer F.Fab)
      (effects (font (size 1 1) (thickness 0.15)))
    )
    (fp_text user %R (at 0 0) (layer F.Fab)
      (effects (font (size 0.5 0.5) (thickness 0.08)))
    )
    (fp_line (start 1.68 0.95) (end -1.68 0.95) (layer F.CrtYd) (width 0.05))
    (fp_line (start 1.68 -0.95) (end 1.68 0.95) (layer F.CrtYd) (width 0.05))
    (fp_line (start -1.68 -0.95) (end 1.68 -0.95) (layer F.CrtYd) (width 0.05))
    (fp_line (start -1.68 0.95) (end -1.68 -0.95) (layer F.CrtYd) (width 0.05))
    (fp_line (start -0.258578 0.71) (end 0.258578 0.71) (layer F.SilkS) (width 0.12))
    (fp_line (start -0.258578 -0.71) (end 0.258578 -0.71) (layer F.SilkS) (width 0.12))
    (fp_line (start 1 0.6) (end -1 0.6) (layer F.Fab) (width 0.1))
    (fp_line (start 1 -0.6) (end 1 0.6) (layer F.Fab) (width 0.1))
    (fp_line (start -1 -0.6) (end 1 -0.6) (layer F.Fab) (width 0.1))
    (fp_line (start -1 0.6) (end -1 -0.6) (layer F.Fab) (width 0.1))
    (pad 2 smd roundrect (at 0.9375 0) (size 0.975 1.4) (layers F.Cu F.Paste F.Mask) (roundrect_rratio 0.25)
      (net 2 GND))
    (pad 1 smd roundrect (at -0.9375 0) (size 0.975 1.4) (layers F.Cu F.Paste F.Mask) (roundrect_rratio 0.25)
      (net 6 "Net-(C6-Pad1)"))
    (model ${KISYS3DMOD}/Capacitor_SMD.3dshapes/C_0805_2012Metric.wrl
      (at (xyz 0 0 0))
      (scale (xyz 1 1 1))
      (rotate (xyz 0 0 0))
    )
  )

  (module Capacitor_SMD:C_0805_2012Metric (layer F.Cu) (tedit 5B36C52B) (tstamp 5CBA7D0C)
    (at 161.671 61.468)
    (descr "Capacitor SMD 0805 (2012 Metric), square (rectangular) end terminal, IPC_7351 nominal, (Body size source: https://docs.google.com/spreadsheets/d/1BsfQQcO9C6DZCsRaXUlFlo91Tg2WpOkGARC1WS5S8t0/edit?usp=sharing), generated with kicad-footprint-generator")
    (tags capacitor)
    (path /5C7CB2C0/5C7E8966)
    (attr smd)
    (fp_text reference C7 (at 0 -1.65) (layer F.SilkS)
      (effects (font (size 1 1) (thickness 0.15)))
    )
    (fp_text value 4.7nF (at 0 1.65) (layer F.Fab)
      (effects (font (size 1 1) (thickness 0.15)))
    )
    (fp_text user %R (at 0 0) (layer F.Fab)
      (effects (font (size 0.5 0.5) (thickness 0.08)))
    )
    (fp_line (start 1.68 0.95) (end -1.68 0.95) (layer F.CrtYd) (width 0.05))
    (fp_line (start 1.68 -0.95) (end 1.68 0.95) (layer F.CrtYd) (width 0.05))
    (fp_line (start -1.68 -0.95) (end 1.68 -0.95) (layer F.CrtYd) (width 0.05))
    (fp_line (start -1.68 0.95) (end -1.68 -0.95) (layer F.CrtYd) (width 0.05))
    (fp_line (start -0.258578 0.71) (end 0.258578 0.71) (layer F.SilkS) (width 0.12))
    (fp_line (start -0.258578 -0.71) (end 0.258578 -0.71) (layer F.SilkS) (width 0.12))
    (fp_line (start 1 0.6) (end -1 0.6) (layer F.Fab) (width 0.1))
    (fp_line (start 1 -0.6) (end 1 0.6) (layer F.Fab) (width 0.1))
    (fp_line (start -1 -0.6) (end 1 -0.6) (layer F.Fab) (width 0.1))
    (fp_line (start -1 0.6) (end -1 -0.6) (layer F.Fab) (width 0.1))
    (pad 2 smd roundrect (at 0.9375 0) (size 0.975 1.4) (layers F.Cu F.Paste F.Mask) (roundrect_rratio 0.25)
      (net 2 GND))
    (pad 1 smd roundrect (at -0.9375 0) (size 0.975 1.4) (layers F.Cu F.Paste F.Mask) (roundrect_rratio 0.25)
      (net 7 "Net-(C7-Pad1)"))
    (model ${KISYS3DMOD}/Capacitor_SMD.3dshapes/C_0805_2012Metric.wrl
      (at (xyz 0 0 0))
      (scale (xyz 1 1 1))
      (rotate (xyz 0 0 0))
    )
  )

  (module Capacitor_SMD:C_1206_3216Metric (layer F.Cu) (tedit 5B301BBE) (tstamp 5CBA7D1D)
    (at 162.306 59.055 180)
    (descr "Capacitor SMD 1206 (3216 Metric), square (rectangular) end terminal, IPC_7351 nominal, (Body size source: http://www.tortai-tech.com/upload/download/2011102023233369053.pdf), generated with kicad-footprint-generator")
    (tags capacitor)
    (path /5C7CB2C0/5C80EFD6)
    (attr smd)
    (fp_text reference C8 (at 0 -1.82 180) (layer F.SilkS)
      (effects (font (size 1 1) (thickness 0.15)))
    )
    (fp_text value 220nF (at 0 1.82 180) (layer F.Fab)
      (effects (font (size 1 1) (thickness 0.15)))
    )
    (fp_text user %R (at 0 0 180) (layer F.Fab)
      (effects (font (size 0.8 0.8) (thickness 0.12)))
    )
    (fp_line (start 2.28 1.12) (end -2.28 1.12) (layer F.CrtYd) (width 0.05))
    (fp_line (start 2.28 -1.12) (end 2.28 1.12) (layer F.CrtYd) (width 0.05))
    (fp_line (start -2.28 -1.12) (end 2.28 -1.12) (layer F.CrtYd) (width 0.05))
    (fp_line (start -2.28 1.12) (end -2.28 -1.12) (layer F.CrtYd) (width 0.05))
    (fp_line (start -0.602064 0.91) (end 0.602064 0.91) (layer F.SilkS) (width 0.12))
    (fp_line (start -0.602064 -0.91) (end 0.602064 -0.91) (layer F.SilkS) (width 0.12))
    (fp_line (start 1.6 0.8) (end -1.6 0.8) (layer F.Fab) (width 0.1))
    (fp_line (start 1.6 -0.8) (end 1.6 0.8) (layer F.Fab) (width 0.1))
    (fp_line (start -1.6 -0.8) (end 1.6 -0.8) (layer F.Fab) (width 0.1))
    (fp_line (start -1.6 0.8) (end -1.6 -0.8) (layer F.Fab) (width 0.1))
    (pad 2 smd roundrect (at 1.4 0 180) (size 1.25 1.75) (layers F.Cu F.Paste F.Mask) (roundrect_rratio 0.2)
      (net 8 "Net-(C8-Pad2)"))
    (pad 1 smd roundrect (at -1.4 0 180) (size 1.25 1.75) (layers F.Cu F.Paste F.Mask) (roundrect_rratio 0.2)
      (net 2 GND))
    (model ${KISYS3DMOD}/Capacitor_SMD.3dshapes/C_1206_3216Metric.wrl
      (at (xyz 0 0 0))
      (scale (xyz 1 1 1))
      (rotate (xyz 0 0 0))
    )
  )

  (module Capacitor_SMD:C_01005_0402Metric (layer F.Cu) (tedit 5B301BBE) (tstamp 5CBA7D2E)
    (at 154.686 54.864 270)
    (descr "Capacitor SMD 01005 (0402 Metric), square (rectangular) end terminal, IPC_7351 nominal, (Body size source: http://www.vishay.com/docs/20056/crcw01005e3.pdf), generated with kicad-footprint-generator")
    (tags capacitor)
    (path /5C7CB2C0/5C7FBDA8)
    (attr smd)
    (fp_text reference C9 (at 0 -1 270) (layer F.SilkS)
      (effects (font (size 1 1) (thickness 0.15)))
    )
    (fp_text value "4.6 pF" (at 0 1 270) (layer F.Fab)
      (effects (font (size 1 1) (thickness 0.15)))
    )
    (fp_text user %R (at 0 -0.62 270) (layer F.Fab)
      (effects (font (size 0.25 0.25) (thickness 0.04)))
    )
    (fp_line (start 0.6 0.3) (end -0.6 0.3) (layer F.CrtYd) (width 0.05))
    (fp_line (start 0.6 -0.3) (end 0.6 0.3) (layer F.CrtYd) (width 0.05))
    (fp_line (start -0.6 -0.3) (end 0.6 -0.3) (layer F.CrtYd) (width 0.05))
    (fp_line (start -0.6 0.3) (end -0.6 -0.3) (layer F.CrtYd) (width 0.05))
    (fp_line (start 0.2 0.1) (end -0.2 0.1) (layer F.Fab) (width 0.1))
    (fp_line (start 0.2 -0.1) (end 0.2 0.1) (layer F.Fab) (width 0.1))
    (fp_line (start -0.2 -0.1) (end 0.2 -0.1) (layer F.Fab) (width 0.1))
    (fp_line (start -0.2 0.1) (end -0.2 -0.1) (layer F.Fab) (width 0.1))
    (pad 2 smd roundrect (at 0.25 0 270) (size 0.4 0.3) (layers F.Cu F.Mask) (roundrect_rratio 0.25)
      (net 9 "Net-(C9-Pad2)"))
    (pad 1 smd roundrect (at -0.25 0 270) (size 0.4 0.3) (layers F.Cu F.Mask) (roundrect_rratio 0.25)
      (net 4 +15V))
    (pad "" smd roundrect (at 0.275 0 270) (size 0.27 0.27) (layers F.Paste) (roundrect_rratio 0.25))
    (pad "" smd roundrect (at -0.275 0 270) (size 0.27 0.27) (layers F.Paste) (roundrect_rratio 0.25))
    (model ${KISYS3DMOD}/Capacitor_SMD.3dshapes/C_01005_0402Metric.wrl
      (at (xyz 0 0 0))
      (scale (xyz 1 1 1))
      (rotate (xyz 0 0 0))
    )
  )

  (module Capacitor_SMD:C_01005_0402Metric (layer F.Cu) (tedit 5B301BBE) (tstamp 5CBA7D3F)
    (at 153.035 59.182)
    (descr "Capacitor SMD 01005 (0402 Metric), square (rectangular) end terminal, IPC_7351 nominal, (Body size source: http://www.vishay.com/docs/20056/crcw01005e3.pdf), generated with kicad-footprint-generator")
    (tags capacitor)
    (path /5C7CB2C0/5CBCEB85)
    (attr smd)
    (fp_text reference C10 (at 0 -1) (layer F.SilkS)
      (effects (font (size 1 1) (thickness 0.15)))
    )
    (fp_text value "8.6 pF" (at 0 1) (layer F.Fab)
      (effects (font (size 1 1) (thickness 0.15)))
    )
    (fp_line (start -0.2 0.1) (end -0.2 -0.1) (layer F.Fab) (width 0.1))
    (fp_line (start -0.2 -0.1) (end 0.2 -0.1) (layer F.Fab) (width 0.1))
    (fp_line (start 0.2 -0.1) (end 0.2 0.1) (layer F.Fab) (width 0.1))
    (fp_line (start 0.2 0.1) (end -0.2 0.1) (layer F.Fab) (width 0.1))
    (fp_line (start -0.6 0.3) (end -0.6 -0.3) (layer F.CrtYd) (width 0.05))
    (fp_line (start -0.6 -0.3) (end 0.6 -0.3) (layer F.CrtYd) (width 0.05))
    (fp_line (start 0.6 -0.3) (end 0.6 0.3) (layer F.CrtYd) (width 0.05))
    (fp_line (start 0.6 0.3) (end -0.6 0.3) (layer F.CrtYd) (width 0.05))
    (fp_text user %R (at 0 -0.62) (layer F.Fab)
      (effects (font (size 0.25 0.25) (thickness 0.04)))
    )
    (pad "" smd roundrect (at -0.275 0) (size 0.27 0.27) (layers F.Paste) (roundrect_rratio 0.25))
    (pad "" smd roundrect (at 0.275 0) (size 0.27 0.27) (layers F.Paste) (roundrect_rratio 0.25))
    (pad 1 smd roundrect (at -0.25 0) (size 0.4 0.3) (layers F.Cu F.Mask) (roundrect_rratio 0.25)
      (net 10 "Net-(C10-Pad1)"))
    (pad 2 smd roundrect (at 0.25 0) (size 0.4 0.3) (layers F.Cu F.Mask) (roundrect_rratio 0.25)
      (net 5 -8V))
    (model ${KISYS3DMOD}/Capacitor_SMD.3dshapes/C_01005_0402Metric.wrl
      (at (xyz 0 0 0))
      (scale (xyz 1 1 1))
      (rotate (xyz 0 0 0))
    )
  )

  (module Capacitor_SMD:C_1206_3216Metric (layer F.Cu) (tedit 5B301BBE) (tstamp 5CBA7D50)
    (at 149.86 74.93 270)
    (descr "Capacitor SMD 1206 (3216 Metric), square (rectangular) end terminal, IPC_7351 nominal, (Body size source: http://www.tortai-tech.com/upload/download/2011102023233369053.pdf), generated with kicad-footprint-generator")
    (tags capacitor)
    (path /5C533A9E)
    (attr smd)
    (fp_text reference C11 (at 0 -1.82 270) (layer F.SilkS)
      (effects (font (size 1 1) (thickness 0.15)))
    )
    (fp_text value 2,2µF (at 0 1.82 270) (layer F.Fab)
      (effects (font (size 1 1) (thickness 0.15)))
    )
    (fp_text user %R (at 0 0 270) (layer F.Fab)
      (effects (font (size 0.8 0.8) (thickness 0.12)))
    )
    (fp_line (start 2.28 1.12) (end -2.28 1.12) (layer F.CrtYd) (width 0.05))
    (fp_line (start 2.28 -1.12) (end 2.28 1.12) (layer F.CrtYd) (width 0.05))
    (fp_line (start -2.28 -1.12) (end 2.28 -1.12) (layer F.CrtYd) (width 0.05))
    (fp_line (start -2.28 1.12) (end -2.28 -1.12) (layer F.CrtYd) (width 0.05))
    (fp_line (start -0.602064 0.91) (end 0.602064 0.91) (layer F.SilkS) (width 0.12))
    (fp_line (start -0.602064 -0.91) (end 0.602064 -0.91) (layer F.SilkS) (width 0.12))
    (fp_line (start 1.6 0.8) (end -1.6 0.8) (layer F.Fab) (width 0.1))
    (fp_line (start 1.6 -0.8) (end 1.6 0.8) (layer F.Fab) (width 0.1))
    (fp_line (start -1.6 -0.8) (end 1.6 -0.8) (layer F.Fab) (width 0.1))
    (fp_line (start -1.6 0.8) (end -1.6 -0.8) (layer F.Fab) (width 0.1))
    (pad 2 smd roundrect (at 1.4 0 270) (size 1.25 1.75) (layers F.Cu F.Paste F.Mask) (roundrect_rratio 0.2)
      (net 11 "Net-(C11-Pad2)"))
    (pad 1 smd roundrect (at -1.4 0 270) (size 1.25 1.75) (layers F.Cu F.Paste F.Mask) (roundrect_rratio 0.2)
      (net 2 GND))
    (model ${KISYS3DMOD}/Capacitor_SMD.3dshapes/C_1206_3216Metric.wrl
      (at (xyz 0 0 0))
      (scale (xyz 1 1 1))
      (rotate (xyz 0 0 0))
    )
  )

  (module Capacitor_SMD:C_1206_3216Metric (layer F.Cu) (tedit 5B301BBE) (tstamp 5CBA7D61)
    (at 109.855 56.261 270)
    (descr "Capacitor SMD 1206 (3216 Metric), square (rectangular) end terminal, IPC_7351 nominal, (Body size source: http://www.tortai-tech.com/upload/download/2011102023233369053.pdf), generated with kicad-footprint-generator")
    (tags capacitor)
    (path /5C7CB2C0/5C7EAFBC)
    (attr smd)
    (fp_text reference C12 (at 0 -1.82 270) (layer F.SilkS)
      (effects (font (size 1 1) (thickness 0.15)))
    )
    (fp_text value 0.1μF (at 0 1.82 270) (layer F.Fab)
      (effects (font (size 1 1) (thickness 0.15)))
    )
    (fp_line (start -1.6 0.8) (end -1.6 -0.8) (layer F.Fab) (width 0.1))
    (fp_line (start -1.6 -0.8) (end 1.6 -0.8) (layer F.Fab) (width 0.1))
    (fp_line (start 1.6 -0.8) (end 1.6 0.8) (layer F.Fab) (width 0.1))
    (fp_line (start 1.6 0.8) (end -1.6 0.8) (layer F.Fab) (width 0.1))
    (fp_line (start -0.602064 -0.91) (end 0.602064 -0.91) (layer F.SilkS) (width 0.12))
    (fp_line (start -0.602064 0.91) (end 0.602064 0.91) (layer F.SilkS) (width 0.12))
    (fp_line (start -2.28 1.12) (end -2.28 -1.12) (layer F.CrtYd) (width 0.05))
    (fp_line (start -2.28 -1.12) (end 2.28 -1.12) (layer F.CrtYd) (width 0.05))
    (fp_line (start 2.28 -1.12) (end 2.28 1.12) (layer F.CrtYd) (width 0.05))
    (fp_line (start 2.28 1.12) (end -2.28 1.12) (layer F.CrtYd) (width 0.05))
    (fp_text user %R (at 0 0 270) (layer F.Fab)
      (effects (font (size 0.8 0.8) (thickness 0.12)))
    )
    (pad 1 smd roundrect (at -1.4 0 270) (size 1.25 1.75) (layers F.Cu F.Paste F.Mask) (roundrect_rratio 0.2)
      (net 160 /POWER))
    (pad 2 smd roundrect (at 1.4 0 270) (size 1.25 1.75) (layers F.Cu F.Paste F.Mask) (roundrect_rratio 0.2)
      (net 2 GND))
    (model ${KISYS3DMOD}/Capacitor_SMD.3dshapes/C_1206_3216Metric.wrl
      (at (xyz 0 0 0))
      (scale (xyz 1 1 1))
      (rotate (xyz 0 0 0))
    )
  )

  (module Capacitor_SMD:C_0805_2012Metric (layer F.Cu) (tedit 5B36C52B) (tstamp 5CBA7D72)
    (at 99.822 55.753 270)
    (descr "Capacitor SMD 0805 (2012 Metric), square (rectangular) end terminal, IPC_7351 nominal, (Body size source: https://docs.google.com/spreadsheets/d/1BsfQQcO9C6DZCsRaXUlFlo91Tg2WpOkGARC1WS5S8t0/edit?usp=sharing), generated with kicad-footprint-generator")
    (tags capacitor)
    (path /5C7CB2C0/5C7EC69B)
    (attr smd)
    (fp_text reference C13 (at 0 -1.65 270) (layer F.SilkS)
      (effects (font (size 1 1) (thickness 0.15)))
    )
    (fp_text value 10μF (at 0 1.65 270) (layer F.Fab)
      (effects (font (size 1 1) (thickness 0.15)))
    )
    (fp_text user %R (at 0 0 270) (layer F.Fab)
      (effects (font (size 0.5 0.5) (thickness 0.08)))
    )
    (fp_line (start 1.68 0.95) (end -1.68 0.95) (layer F.CrtYd) (width 0.05))
    (fp_line (start 1.68 -0.95) (end 1.68 0.95) (layer F.CrtYd) (width 0.05))
    (fp_line (start -1.68 -0.95) (end 1.68 -0.95) (layer F.CrtYd) (width 0.05))
    (fp_line (start -1.68 0.95) (end -1.68 -0.95) (layer F.CrtYd) (width 0.05))
    (fp_line (start -0.258578 0.71) (end 0.258578 0.71) (layer F.SilkS) (width 0.12))
    (fp_line (start -0.258578 -0.71) (end 0.258578 -0.71) (layer F.SilkS) (width 0.12))
    (fp_line (start 1 0.6) (end -1 0.6) (layer F.Fab) (width 0.1))
    (fp_line (start 1 -0.6) (end 1 0.6) (layer F.Fab) (width 0.1))
    (fp_line (start -1 -0.6) (end 1 -0.6) (layer F.Fab) (width 0.1))
    (fp_line (start -1 0.6) (end -1 -0.6) (layer F.Fab) (width 0.1))
    (pad 2 smd roundrect (at 0.9375 0 270) (size 0.975 1.4) (layers F.Cu F.Paste F.Mask) (roundrect_rratio 0.25)
      (net 2 GND))
    (pad 1 smd roundrect (at -0.9375 0 270) (size 0.975 1.4) (layers F.Cu F.Paste F.Mask) (roundrect_rratio 0.25)
      (net 13 +3V3))
    (model ${KISYS3DMOD}/Capacitor_SMD.3dshapes/C_0805_2012Metric.wrl
      (at (xyz 0 0 0))
      (scale (xyz 1 1 1))
      (rotate (xyz 0 0 0))
    )
  )

  (module Capacitor_SMD:C_1206_3216Metric (layer F.Cu) (tedit 5B301BBE) (tstamp 5CBA7D83)
    (at 141.986 99.06 90)
    (descr "Capacitor SMD 1206 (3216 Metric), square (rectangular) end terminal, IPC_7351 nominal, (Body size source: http://www.tortai-tech.com/upload/download/2011102023233369053.pdf), generated with kicad-footprint-generator")
    (tags capacitor)
    (path /5C53762D)
    (attr smd)
    (fp_text reference C14 (at 0 -1.82 90) (layer F.SilkS)
      (effects (font (size 1 1) (thickness 0.15)))
    )
    (fp_text value 2,2µF (at 0 1.82 90) (layer F.Fab)
      (effects (font (size 1 1) (thickness 0.15)))
    )
    (fp_line (start -1.6 0.8) (end -1.6 -0.8) (layer F.Fab) (width 0.1))
    (fp_line (start -1.6 -0.8) (end 1.6 -0.8) (layer F.Fab) (width 0.1))
    (fp_line (start 1.6 -0.8) (end 1.6 0.8) (layer F.Fab) (width 0.1))
    (fp_line (start 1.6 0.8) (end -1.6 0.8) (layer F.Fab) (width 0.1))
    (fp_line (start -0.602064 -0.91) (end 0.602064 -0.91) (layer F.SilkS) (width 0.12))
    (fp_line (start -0.602064 0.91) (end 0.602064 0.91) (layer F.SilkS) (width 0.12))
    (fp_line (start -2.28 1.12) (end -2.28 -1.12) (layer F.CrtYd) (width 0.05))
    (fp_line (start -2.28 -1.12) (end 2.28 -1.12) (layer F.CrtYd) (width 0.05))
    (fp_line (start 2.28 -1.12) (end 2.28 1.12) (layer F.CrtYd) (width 0.05))
    (fp_line (start 2.28 1.12) (end -2.28 1.12) (layer F.CrtYd) (width 0.05))
    (fp_text user %R (at 0 0 90) (layer F.Fab)
      (effects (font (size 0.8 0.8) (thickness 0.12)))
    )
    (pad 1 smd roundrect (at -1.4 0 90) (size 1.25 1.75) (layers F.Cu F.Paste F.Mask) (roundrect_rratio 0.2)
      (net 2 GND))
    (pad 2 smd roundrect (at 1.4 0 90) (size 1.25 1.75) (layers F.Cu F.Paste F.Mask) (roundrect_rratio 0.2)
      (net 14 "Net-(C14-Pad2)"))
    (model ${KISYS3DMOD}/Capacitor_SMD.3dshapes/C_1206_3216Metric.wrl
      (at (xyz 0 0 0))
      (scale (xyz 1 1 1))
      (rotate (xyz 0 0 0))
    )
  )

  (module Capacitor_SMD:C_0805_2012Metric (layer F.Cu) (tedit 5B36C52B) (tstamp 5CBA7D94)
    (at 118.872 82.296)
    (descr "Capacitor SMD 0805 (2012 Metric), square (rectangular) end terminal, IPC_7351 nominal, (Body size source: https://docs.google.com/spreadsheets/d/1BsfQQcO9C6DZCsRaXUlFlo91Tg2WpOkGARC1WS5S8t0/edit?usp=sharing), generated with kicad-footprint-generator")
    (tags capacitor)
    (path /5CAAD9D6)
    (attr smd)
    (fp_text reference C15 (at 0 -1.65) (layer F.SilkS)
      (effects (font (size 1 1) (thickness 0.15)))
    )
    (fp_text value "0.1 uF" (at 0 1.65) (layer F.Fab)
      (effects (font (size 1 1) (thickness 0.15)))
    )
    (fp_line (start -1 0.6) (end -1 -0.6) (layer F.Fab) (width 0.1))
    (fp_line (start -1 -0.6) (end 1 -0.6) (layer F.Fab) (width 0.1))
    (fp_line (start 1 -0.6) (end 1 0.6) (layer F.Fab) (width 0.1))
    (fp_line (start 1 0.6) (end -1 0.6) (layer F.Fab) (width 0.1))
    (fp_line (start -0.258578 -0.71) (end 0.258578 -0.71) (layer F.SilkS) (width 0.12))
    (fp_line (start -0.258578 0.71) (end 0.258578 0.71) (layer F.SilkS) (width 0.12))
